4294967278,288
4294967294,30
4294967294,1070
4294967294,1069
4294967294,1067
4294967294,1066
4294967294,1061
4294967294,1050
4294967294,436
4294967294,158
4294967294,157
4294967294,156
4294967294,155
4294967294,60
4294967294,43
4294967294,51
4294967294,12
4294967294,88
4294967294,82
4294967294,83
4294967294,11
4294967294,68
4294967278,132
4294967278,131
4294967278,130
4294967278,129
4294967278,128
4294967278,127
4294967278,126
4294967278,125
4294967278,124
4294967278,123
4294967278,122
4294967278,121
4294967278,120
4294967278,119
4294967278,118
4294967278,117
4294967278,241
4294967278,116
4294967278,115
4294967278,114
4294967278,113
4294967278,112
4294967278,233
4294967278,111
4294967278,110
4294967278,109
4294967278,108
4294967278,107
4294967278,105
4294967278,104
4294967278,103
4294967278,102
4294967278,101
4294967278,100
4294967278,99
4294967278,98
4294967278,97
4294967278,96
4294967278,95
4294967278,94
4294967278,93
4294967278,92
4294967278,91
4294967278,90
4294967278,89
4294967278,87
4294967278,86
4294967278,85
4294967278,84
4294967278,82
4294967278,81
4294967278,80
4294967278,79
4294967278,78
4294967278,77
4294967278,76
4294967278,74
4294967278,73
4294967278,72
4294967278,71
4294967278,70
4294967278,69
4294967278,68
4294967278,67
4294967278,66
4294967278,64
4294967278,63
4294967278,62
4294967278,61
4294967279,83
4294967279,569
4294967279,75
4294967279,73
4294967279,65
4294967279,62
4294967279,57
4294967279,54
4294967279,51
4294967279,48
4294967279,47
4294967279,42
4294967279,40
4294967279,38
4294967279,37
4294967279,36
4294967279,35
4294967279,24
4294967279,23
4294967279,20
4294967279,15
4294967279,14
4294967279,8
4294967279,7
4294967279,6
4294967279,5
4294967279,4
4294967279,521
4294967278,272
4294967278,283
4294967279,262
4294967278,261
4294967279,534
4294967279,533
4294967279,251
4294967278,353
4294967279,561
4294967294,1418
4294967278,250
4294967294,81
4294967294,50
4294967279,568
4294967279,245
4294967279,246
4294967294,37
4294967294,39
4294967294,477
4294967279,242
4294967278,237
4294967279,236
4294967278,232
4294967278,236
100,5
4294967279,235
100,4
4294967278,234
100,3
100,2
100,1
4294967279,233
4294967279,229
4294967279,227
4294967279,226
4294967278,226
4294967279,225
4294967279,219
4294967278,106
4294967278,222
4294967278,223
4294967279,220
4294967278,220
98,5
4294967279,217
4294967278,216
4294967279,215
98,4
4294967278,214
98,3
98,2
98,1
4294967278,350
4294967279,314
4294967278,213
4294967279,213
4294967278,210
4294967279,212
4294967279,530
4294967278,348
4294967278,0
4294967279,211
97,6
4294967279,208
4294967278,209
4294967279,567
4294967279,321
4294967278,208
97,5
4294967279,207
4294967278,206
4294967279,206
97,4
4294967278,205
97,3
97,2
97,1
4294967278,321
4294967279,205
4294967278,204
4294967294,1414
4294967279,204
4294967278,201
4294967294,1044
4294967294,197
4294967279,203
4294967279,320
4294967278,320
4294967278,372
4294967279,202
96,5
4294967278,200
4294967279,200
4294967278,199
96,4
4294967279,199
96,3
96,2
96,1
4294967278,198
4294967294,1074
4294967279,198
4294967278,197
4294967294,202
4294967278,83
4294967278,313
4294967294,5
4294967279,76
4294967279,193
4294967279,192
4294967278,191
4294967294,89
4294967279,191
95,5
4294967278,190
95,4
95,3
95,2
95,1
4294967279,304
4294967278,189
4294967278,75
4294967278,315
4294967279,566
4294967278,187
4294967279,185
4294967294,120
4294967278,186
4294967278,314
4294967294,7
4294967279,303
4294967279,302
4294967278,185
94,5
4294967279,184
4294967278,183
94,4
4294967278,182
94,3
94,2
94,1
4294967278,308
4294967279,182
4294967278,181
4294967278,65
4294967278,178
4294967294,399
4294967294,1415
4294967294,1041
4294967294,415
4294967294,108
4294967294,118
4294967279,67
4294967279,297
4294967278,305
4294967278,368
4294967278,177
4294967279,564
4294967294,17
4294967294,99
4294967279,173
4294967279,172
92,4
92,3
92,2
92,1
4294967278,301
4294967279,170
0,7
4294967294,27
4294967294,28
4294967294,1
4294967279,550
4294967294,0
4294967278,345
4294967279,56
4294967279,292
4294967278,300
4294967279,556
4294967294,22
4294967278,280
4294967279,548
4294967294,476
4294967294,46
4294967294,389
4294967294,44
4294967294,114
4294967294,2
4294967294,42
4294967278,344
4294967294,107
4294967294,90
4294967294,86
4294967294,1078
4294967294,1049
4294967294,419
4294967294,1048
4294967294,427
4294967294,96
4294967294,94
4294967278,161
4294967294,8
4294967294,6
0,5
4294967278,160
4294967294,475
4294967294,93
4294967294,95
4294967294,417
4294967294,52
4294967294,25
4294967294,26
4294967294,67
4294967294,92
4294967293,131
4294967293,130
4294967293,129
4294967293,128
4294967293,127
4294967293,126
4294967293,125
4294967293,124
4294967293,123
4294967293,122
4294967293,121
4294967293,120
4294967293,119
4294967293,118
4294967293,117
4294967293,116
4294967293,115
4294967293,114
4294967293,113
4294967293,112
